-1.0 2.0 0.023090226675115844
0.0 4.0 -0.003600624635772931
1.0 -3.0 -0.09111426185280891
-2.0 -4.0 -0.07999906561613557
2.0 -3.0 0.08612381278410552
-4.0 3.0 -0.0249787239144581
3.0 1.0 -0.021769356449435784
-2.0 -2.0 -0.02458684057913807
-1.0 4.0 -0.1380862988068614
-4.0 1.0 0.050288884101359344
1.0 1.0 0.023495535701329118
4.0 1.0 0.054577936616753475
-4.0 0.0 0.06171102418510088
4.0 -2.0 -0.08979912365527909
-3.0 0.0 0.07928470747980398
4.0 3.0 -0.11252075306376419
-2.0 4.0 -0.09124535119183008
2.0 4.0 -0.05695099627599647
-4.0 -4.0 0.07178998633148836
2.0 2.0 -0.0016095804991370366
-4.0 4.0 -0.02493705030599358
3.0 3.0 -0.03978646257729146
1.0 3.0 -0.10973659632178112
1.0 -1.0 -0.011546058120352143
2.0 3.0 -0.05922153069177394
-3.0 -4.0 -0.0776044004586538
-2.0 -3.0 0.055488549428174494
1.0 -4.0 0.11493382435171284
-3.0 -3.0 0.02091358583995273
4.0 2.0 -0.07933049896503164
0.0 3.0 -0.07316968574884797
0.0 0.0 0.09063136323553067
3.0 -2.0 -0.05581626079599644
2.0 -4.0 -0.12803181065578428
-3.0 3.0 -0.0031203819192526794
3.0 -3.0 0.1888610380721616
4.0 -3.0 0.027919648717073642
-2.0 -1.0 -0.10706620156981872
-2.0 1.0 -0.10031039176588763
2.0 0.0 0.14489710057702965
-1.0 1.0 8.435928884864552E-5
4.0 0.0 0.10177287150679071
-2.0 3.0 0.0802272660886203
3.0 4.0 -0.015742018407314262
3.0 2.0 -0.022387847532477245
1.0 -2.0 -0.17439171917433427
-3.0 -2.0 0.09265433572691428
4.0 4.0 0.11065756229804968
0.0 2.0 -0.11327996554645026
0.0 1.0 -0.015634850576057957
3.0 -4.0 -0.055739470407644376
-4.0 -2.0 -0.11255429850104193
0.0 -3.0 0.053289469480431784
0.0 -2.0 -0.021299263376568067
0.0 -1.0 0.053578235751782444
-4.0 2.0 -0.0020946498973657413
-1.0 -3.0 0.1318063608224831
3.0 0.0 -0.08693478315305736
4.0 -4.0 0.002396716469185378
2.0 1.0 0.10034914018403107
-3.0 1.0 0.0064429137987147556
-3.0 4.0 -0.05388691374680832
1.0 4.0 -0.001249695404695217
4.0 -1.0 -0.0027047659822514447
-2.0 0.0 -0.11390460498093802
-1.0 -2.0 -0.07129064330439494
2.0 -2.0 0.025899204886993488
-2.0 2.0 -0.03447392811742844
-4.0 -3.0 -0.11669377928197733
0.0 -4.0 -0.06499917257191523
-1.0 -4.0 0.029224090937940872
1.0 0.0 0.09579052528290788
2.0 -1.0 0.08189887116128247
3.0 -1.0 -0.1538508589286085
-1.0 3.0 0.057519669881664015
-3.0 -1.0 0.11636304843572232
-3.0 2.0 -0.04067221408730859
-1.0 0.0 -0.03307699827303878
1.0 2.0 -0.09826202876475243
-1.0 -1.0 -0.11562322857791196
-4.0 -1.0 -0.007251927275259362
