2.0 3.0 0.3979915286770129
0.0 0.0 -0.08058290025406034
4.0 1.0 -0.10248983507817755
3.0 -3.0 -0.11592373677674317
-2.0 0.0 -0.21376596163399064
-3.0 1.0 -0.04460469016279944
1.0 -3.0 0.028245446260545037
0.0 -3.0 -0.5202031575662991
4.0 -2.0 0.11188917217255323
3.0 0.0 0.18395468126554615
2.0 0.0 -0.007287314246544163
-1.0 3.0 0.29090906928434634
0.0 3.0 0.4516066653494839
-3.0 3.0 0.32021801675282546
-3.0 -1.0 0.2338847692906958
-4.0 0.0 0.02320376752959774
1.0 4.0 0.5021897136283897
2.0 -3.0 -0.13523375513753422
3.0 4.0 0.09130417723482864
0.0 1.0 0.23366731620108183
-1.0 -3.0 -0.3146424760630797
1.0 -2.0 -0.3233071690868172
-2.0 -3.0 -0.34640167718372084
-1.0 0.0 -0.17045668977254635
1.0 0.0 -0.057803645138728044
-1.0 -1.0 -0.07170153663057155
2.0 -1.0 -0.4060889174737703
3.0 -1.0 -0.028997971654353805
2.0 -2.0 -0.6505787931875346
-2.0 -4.0 -0.5907581654771974
0.0 2.0 0.04494415948892083
-3.0 0.0 0.16931940914764354
3.0 3.0 0.04047899245091102
-4.0 1.0 0.0037517185099780193
0.0 4.0 0.6738741742880805
4.0 -4.0 -0.10462422918288183
0.0 -4.0 -0.470169533857586
-4.0 -3.0 -0.15518031091765216
2.0 -4.0 -0.2733288946675003
2.0 2.0 0.14607753374300528
-2.0 -2.0 -0.19400529594413118
3.0 -2.0 -0.11154671868063204
-3.0 -4.0 0.19957365008861316
-2.0 2.0 0.5239388171999053
4.0 -3.0 -0.18324304680602665
-3.0 -3.0 0.10331851716092544
1.0 -4.0 -0.6127154415699714
3.0 1.0 0.24213446480413447
1.0 1.0 0.02666673532150643
-3.0 2.0 -0.06712540332252814
0.0 -2.0 -0.4143262269082788
3.0 2.0 0.04969401556885167
-1.0 -4.0 -0.31207306801357326
-4.0 3.0 0.2989888279325825
-2.0 -1.0 -0.16187196552275074
4.0 -1.0 -0.008333583412856171
1.0 -1.0 0.020350964436367747
4.0 4.0 0.4060249580846058
3.0 -4.0 -0.4334670198165611
-1.0 2.0 0.5403894882270848
4.0 3.0 -0.19454996358416032
-2.0 3.0 0.41065994618694646
-3.0 -2.0 0.00443276001464632
0.0 -1.0 -0.007339662505728484
-4.0 -1.0 0.03320592150095969
1.0 3.0 0.7812677309677962
-2.0 4.0 0.32208122367761405
-1.0 1.0 0.5235563777039971
-4.0 -4.0 -0.3359068547045716
-3.0 4.0 0.4593265147555883
1.0 2.0 0.10040968610311296
2.0 4.0 0.0011124377068852456
4.0 2.0 -0.27907599080378187
-1.0 -2.0 -0.07416073812240809
-4.0 -2.0 -0.040375014926353536
-4.0 2.0 0.06431923600116818
-1.0 4.0 0.7739255218803365
-2.0 1.0 0.28815263872186847
4.0 0.0 -0.11149359509270962
2.0 1.0 0.14790574585499172
-4.0 4.0 0.0744229334498101
